0.494710860367 0.270015396459 0.349352589641 alexnet_p
0.500900900901 0.267513471901 0.34876427048 alexnet_p_fc6
0.476107429369 0.262702078522 0.338583653727 alexnet_p_fc7
0.525159744409 0.253079291763 0.341558441558 alexnet_p_c
0.500393700787 0.244611239415 0.328593588418 alexnet_p_c_fc6
0.514263384134 0.253271747498 0.339393939394 alexnet_p_c_fc7
0.425392670157 0.187644341801 0.260416666667 alexnet_p_without_weights
0.336878216123 0.188991531948 0.242140303292 alexnet_p_without_weights_fc6
0.410760034159 0.185142417244 0.255240116742 alexnet_p_without_weights_fc7
0.487136229439 0.222286374134 0.305272895467 alexnet_p_c_without_weights
0.350148367953 0.204387990762 0.25811155669 alexnet_p_c_without_weights_fc6
0.469396195203 0.21843725943 0.298135014447 alexnet_p_c_without_weights_fc7
